0 1023 5.5 0.00 0.00
50 1017 5.1 -2.84 0.03
100 1011 5.4 -2.92 -0.38
150 1004 7.0 -2.90 -0.62
200 998 7.5 -2.79 -0.57
250 992 7.6 -2.79 -0.51
300 986 7.4 -3.12 -0.51
350 980 7.2 -3.39 -0.53
400 974 6.8 -3.20 -0.47
450 968 6.3 -2.87 -0.44
500 963 5.8 -2.49 -0.37
550 957 5.3 -2.66 -0.30
600 951 4.7 -2.79 -0.26
650 945 4.2 -2.68 -0.24
700 939 3.8 -2.43 -0.35
750 933 3.6 -2.42 -0.44
800 928 3.5 -2.45 -0.48
850 922 3.2 -2.41 -0.62
900 916 2.9 -2.28 -0.76
950 911 2.6 -2.29 -0.91
1000 905 2.5 -2.55 -1.16
1100 894 2.6 -2.29 -1.41
1200 883 2.3 -1.93 -0.90
1300 872 1.8 -2.10 -0.28
1400 861 2.0 -1.45 0.07
1500 851 2.2 -1.20 0.09
1600 840 1.7 -1.19 0.26
1700 830 1.4 -1.49 1.15
1800 820 1.4 -0.70 1.72
1900 809 0.7 0.05 1.47
2000 799 -0.2 0.50 1.10