9 1023.0 5.3 -0.31 -0.35 2.54 2.71 2.86 16.8 5.0
10 1023.1 9.2 -0.42 -0.44 2.28 2.41 2.54 26.3 9.7
11 1022.4 11.7 -0.44 -0.35 2.11 2.23 2.38 32.9 12.2
12 1021.5 12.7 -0.53 -0.47 2.48 2.62 2.79 35.3 12.0
13 1020.7 13.3 -0.46 -0.41 1.81 1.90 1.98 32.3 11.0
14 1019.7 13.8 -0.52 -0.45 2.73 2.91 3.08 29.5 8.0
15 1019.3 14.2 -0.51 -0.41 2.66 2.85 3.04 21.0 4.6
16 1019.0 14.6 -0.41 -0.31 3.33 3.62 3.86 8.2 0.2
17 1018.9 14.6 -0.06 -0.05 2.77 3.04 3.35 -6.0 -3.2
18 1018.9 12.3 0.47 0.52 1.23 1.61 2.21 -9.4 -4.6
19 1019.6 8.1 0.29 0.57 1.71 2.06 2.76 -9.2 -4.6
20 1019.8 6.8 0.57 0.62 1.32 1.64 2.10 -9.0 -4.7
21 1019.8 5.6 0.52 0.58 1.44 1.79 2.39 -8.4 -4.4
22 1020.1 4.3 0.64 0.59 1.07 1.39 1.95 -7.8 -4.4
23 1020.2 2.8 0.57 0.62 1.45 1.80 2.49 -7.5 -4.3
24 1020.1 2.6 0.34 0.55 1.51 1.81 2.39 -7.4 -4.0
25 1020.0 1.9 0.41 0.57 1.40 1.69 2.22 -7.4 -4.0
26 1019.8 1.1 0.29 0.77 1.42 1.72 2.29 -7.3 -4.2
27 1019.3 2.0 0.30 0.79 1.60 1.92 2.47 -7.4 -4.1
28 1019.1 1.4 0.35 0.72 1.24 1.56 2.11 -7.5 -4.3
29 1019.1 0.2 0.35 0.78 1.47 1.79 2.36 -7.6 -4.6
30 1019.3 1.4 0.14 0.34 2.68 3.00 3.46 -7.4 -4.6
31 1019.9 0.3 0.14 0.45 4.41 5.06 5.96 -7.0 -3.6
32 1020.1 2.2 0.00 -0.14 3.36 3.69 3.99 6.6 0.6
33 1020.6 6.6 -0.31 -0.35 4.20 4.63 4.97 17.8 5.0